-91.6313501620533 -32.097406886859766 -24.808942774799064
-32.22957487932725 -31.698414445873905 -99.4116369297429
-31.739317734787868 -31.8929581260883 -101.05865054240898
-31.314353580372728 -30.95648294469009 -55.233294118477886
-28.59481428705135 -28.890307144724723 -22.87628195268912
-28.459958954926613 -28.18313946802708 -73.51598253198642
-28.34532777786329 -27.54752079144695 -50.40472535042423
-28.506891413855097 -28.63631353193745 -26.602292701538392
-28.345100309086952 -36.829354983791546 -21.771754813161785
-28.210108345078407 -28.422122915443847 -30.0948526629456
-28.783483638603464 -28.357490877968047 -71.55126221399175
-28.64596746074735 -28.772985153442864 -63.317116592171
-23.854279200144624 -24.883731861975622 -20.25762279671605
-24.63815069398515 -24.539003559028856 -57.624
-24.45570235158437 -23.606925853971187 -26.368967760400423
-23.84332936486406 -23.31627188696616 -23.541865946219858
-19.361405647326002 -22.9214331071 -84.79534252408729
-21.889709462600003 -21.7650963048 -116.68847581288696
-21.65886611252 -20.847376772801752 -22.47095701905
-22.3294041362375 -22.54949602062965 -17.579241182258713
-18.33962020188423 -18.8425767070648 -16.00449347531979
-18.76866495456996 -17.986063199999997 -20.03074837894
-19.27142113130367 -20.039587702084923 -20.813404526103486
-19.96187134949956 -19.64878736746101 -15.973769109815695
-16.27699916872875 -17.348966333325 -54.721304463212746
-5.700587055904506 -16.57211427775 -109.6348634835688
-16.32495951025 -15.59857698 -66.64797312702842
-15.58009346875 -16.590699843037033 -16.916094489037416
-15.91695576961763 -16.38291233814729 -10.84381510105329
-15.30561805185981 -16.088763649969096 -16.788147813671873
-16.00284508006971 -15.79739915341963 -15.85525125
-15.9664744733901 -15.390591232935105 -12.997921337841724
-8.674873085386189 -12.804096474547446 -69.49611165020104
-12.307520890389316 -12.731452173118845 -99.95517998830236
-12.612297804033185 -12.570570236011836 -12.5402535
-12.346714116377814 -12.505103282199384 -4.021053950629632
-12.63236320604167 -10.014413833457029 -81.15173035057356
-11.568252219943624 -8.681988437931402 -21.41320328104071
-10.71991409275343 -3.235243366850652 -12.11547450234375
-23.74505618478772 -20.75911306942837 0.8242025756165337
-10.03064743222482 -6.306235587028903 -112.01149026533416
-8.446644461931534 -9.993938197216426 -10.67283339887202
-9.995054018000957 -2.885991290159345 -106.98467295727949
-9.994239860147362 -9.99458704148464 3.9472566596780014
2.056633340908129 -3.854174421238629 -100.3622938985213
-3.877363773745008 5.812727383750224 -12.674765388840695
-3.5176318620056426 -2.6479672036264628 21.577527614184483
7.7474036687051395 -2.8803349041142647 -107.54924257727332
7.486213315863072 -2.5625 -15.025505630269429
6.611240642402372 -0.5142535150289513 -88.69687114431429
3.119179965435214 2.545471705737617 63.28101379008632
25.52484252276495 -0.2204102094898758 -51.39808535575867
160.0495995250886 28.21139135337472 -2.58984375
14.306855531043109 72.56532122921035 -89.4700381188695
38.18501004951688 129.93228740208252 64.72879541619665
60.95436439770967 60.86239973989972 202.55373975259576
-23.22906146468421 -22.850558490439767 -17.79115570296288
-23.261937361494457 -23.07412179316272 -23.43014893517656
-22.70068841277646 -22.80541174641183 -116.91000769551852
-22.81227269591141 -18.85898229587163 -101.25472405199054
-19.890800625 -24.9556369375 -12.834231094911834
-6.738110717878637 -14.852209699903124 -16.4734660675
-16.22259710625 -17.084047364863842 -71.5335333142369
-16.952589621167654 -14.881363255309811 -105.63138747808172
-14.598143190940911 -14.624917524178482 -10.290897995672179
-14.03018322988984 -14.791583429433665 -14.866975880496556
-14.810773121418332 -14.787425236035006 -46.63213717788621
-14.809832711272255 -11.910774397537619 -108.60531208439794
-20.26925535225795 -29.2554841875 -80.50722302342402
-23.19787904187929 -22.695999153597626 -68.63525571455182
-23.221168125 -23.37839440959366 -99.33060111809316
-24.40068324792052 -24.08143325335604 -64.56383783839368
-17.004842456816462 -17.49514836039143 -89.92058381653861
-16.85578046997089 -17.495581095819993 -23.43575414466843
-17.495092724772995 -16.929669113589338 -113.29676299960114
-17.49516041481671 -16.992218321764867 -24.600819478584
-12.46205709523358 -12.455118717898586 -111.8096593957822
-12.471516921762792 -12.471015189677203 -13.908447447265624
-12.47131234303879 -12.467641553558426 -110.6470315461778
-12.463250434608344 -12.458565433350676 -14.888226288314556
-9.085140141005413 -9.160730161467026 -98.39851734499332
-9.165800959542503 -9.304237254227662 -40.70705538963793
-9.205137218415697 -8.76867739292743 -105.45073853881784
-9.191790417923151 -9.228043583497591 -7.373343427527874
-7.273318221883827 -7.2784490602571505 -14.545241560105213
-7.277936305663107 -7.307789941714185 -8.824699638347656
-7.308541375374314 -7.339591184698612 -106.58541173624069
-7.299268223043844 -7.328478748932929 -109.16836539605066
2.754825328142396 -3.988388911125451 42.41155647394105
-3.985693815759349 -3.9918366742574793 -100.1710141686372
-4.415264831971084 3.590477600263388 -5.426502700629819
-3.9930322994961056 24.182778371047334 -89.49549561723926
37.20835801889485 -1.320155612778814 183.65711237484476
-1.1951916551044068 -1.1798714397466208 -26.24776875043566
-1.226296338491606 164.83371075065963 -51.8240165553632
33.19516408445626 72.56793902636592 138.82007624442707
